0 0
5 4
0
0 15
1 1
1 3
1 5
1 7
1 8
1 9
1 11
1 13
1 15
2 1
2 3
2 5
2 7
2 8
2 9
2 11
2 13
2 15
3 1
3 3
3 5
3 7
3 8
3 9
3 11
3 13
3 15
4 1
4 3
4 5
4 7
4 8
4 9
4 11
4 13
4 15
5 1
5 3
5 5
5 7
5 8
5 9
5 11
5 15
6 1
6 3
6 5
6 11
6 13
6 15
7 1
7 3
7 5
7 7
7 8
7 9
7 11
7 13
7 15
8 1
8 3
8 5
8 7
8 8
8 9
8 11
8 13
9 1
9 7
9 8
9 9
9 11
9 13
9 15
10 1
10 3
10 4
10 5
10 7
10 8
10 9
10 11
10 13
10 15
11 1
11 3
11 4
11 5
11 7
11 8
11 9
11 11
11 13
11 15
12 1
12 3
12 4
12 5
12 7
12 8
12 9
12 13
12 15
13 1
13 3
13 4
13 5
13 7
13 8
13 9
13 11
13 13
14 1
14 3
14 4
14 5
14 7
14 8
14 9
14 11
14 13
14 15
15 1
15 7
15 8
15 9
15 11
15 13
15 15
16 1
16 3
16 4
16 5
16 6
16 7
16 8
16 9
16 11
17 1
17 3
17 11
17 13
17 15
18 1
18 3
18 5
18 6
18 7
18 8
18 9
18 11
18 13
19 1
19 3
19 11
19 13
19 15
20 1
20 3
20 4
20 5
20 6
20 7
20 8
20 9
20 11
20 13
20 15
21 1
21 3
21 4
21 11
21 13
21 15
22 1
22 3
22 4
22 5
22 6
22 7
22 8
22 15
23 8
23 11
23 13
23 15